94588
99429
55120
11803
90032
20722
78251
503
26962
70852
18766
88791
5314
69186
98931
50231
13569
37298
23866
44148
10742
13487
90422
85947
68102
34856
3928
16412
95345
74711
98952
43657
78744
35586
37524
72858
50880
83850
23782
22877
97164
55858
26506
39500
79646
28944
93928
99380
20256
10065
39673
64211
10165
58793
15900
40006
78292
9284
97020
95145
97593
6826
1580
80111
68160
38918
81059
79303
20864
43236
688
91675
81490
28009
91233
70338
56154
8964
29651
36291
88439
17234
89154
76294
55055
88753
81424
75980
24451
98441
32704
60261
33658
16666
3515
11153
26002
28886
93626
45677
1365
49114
14334
55068
62128
11071
2764
83192
19452
78867
70613
15006
8115
12280
42221
14960
88500
86659
60027
85848
30273
4367
75145
6426
21932
62711
46266
3283
13585
71919
92071
95570
92586
69558
90595
52635
40826
13762
83973
24870
27745
41364
34851
38908
79430
25536
7499
9592
30945
28977
51050
17210
26038
27684
92906
93244
26547
16990
35229
31982
65113
1303
74868
70718
29408
53256
81168
10647
75268
94079
38692
79829
97859
65934
5524
30634
33765
38722
63433
77551
13534
34121
61675
96362
82908
51219
79543
95638
87819
36791
85400
93911
19296
17302
55460
90518
98027
84249
85998
20374
8325
26185
40840
38660
37867
99128
92347
84327
9588
64155
62502
69216
83342
21764
23033
55999
82032
55488
26326
43446
63655
13428
85889
29324
97654
28255
20126
60385
82984
62365
15699
12023
78386
59538
90322
19429
87932
81150
98384
31181
55318
9375
73215
57875
6197
99375
35451
11970
16184
22659
45518
63238
33040
6642
32951
889
54920
1670
268
1831
45353
19892
63213
81612
73722
59598
33325
93793
95088
12898
80273
16700
71096
24964
79971
648
52563
52692
17498
47852
72978
86788
91614
55071
69260
1222
3038
88633
13796
92973
5092
57312
81697
99423
63746
78764
67291
94084
54442
15151
74764
73808
50892
41142
52550
75940
68857
49841
79992
65370
78880
94869
61234
63027
98928
2008
10872
55837
95467
24206
18545
29829
24236
18747
87691
49070
79242
3183
68660
52759
45881
80308
19847
43858
186
22634
83760
74490
42566
51655
22905
16536
85475
70653
18574
64599
55800
31147
21203
40967
2232
58065
20820
43455
33568
46369
72180
46879
97726
3263
33392
36531
13899
54817
47373
99052
35172
87949
24403
63961
37874
40407
50899
95795
48776
16636
41648
27433
60412
40669
70286
19646
54578
6167
53301
57078
60635
9671
62641
7117
37748
37221
78648
27582
70504
22815
11672
52106
66021
91902
86289
41091
19955
40282
44093
25026
11044
63948
11687
47920
11321
80782
72466
50025
88803
16493
65305
20969
80997
18699
10940
34231
31894
99254
31983
7089
34814
189
19362
57811
71984
47731
33056
11526
36688
60364
8512
20314
83442
40365
85650
15499
19101
89026
81191
46935
94079
27398
6447
96823
67871
39343
97664
38029
43991
45212
73040
13874
90191
5141
49087
98444
99718
48591
1404
66092
29684
39905
80129
14372
29818
17131
3781
22835
22785
97168
77202
60572
69121
58617
86142
78992
41478
55455
1981
45769
6962
44970
32449
54732
76670
19091
37110
61163
14612
18728
91183
34720
99472
43549
93476
68182
21068
96442
12050
47618
62448
65780
18761
15608
36353
62326
67494
76306
95174
17039
66323
59529
56877
21174
7639
8929
12047
87624
6131
90216
42629
28504
32483
42664
59313
68673
16747
57710
96415
55811
37497
37104
58748
97847
40641
90334
82712
12711
55055
21576
5558
79881
79451
25259
48605
24290
63285
77087
11743
47244
76757
31728
46389
27572
57096
12040
22076
27455
8157
24627
71890
98734
33054
73895
56038
77662
27664
11561
90404
16250
89147
78095
41464
8783
59606
96075
21825
58482
54702
69565
66852
65012
9931
49811
26301
72154
92241
56907
17943
7764
95037
68719
24157
33208
55154
44165
87775
16783
92894
78369
56465
34370
30878
46450
44848
37101
44679
62803
99614
66698
39585
3684
80852
68274
36269
19068
44789
56806
91639
94020
28112
8784
38964
36898
75623
59138
1695
82307
6732
64444
95243
21221
66787
17235
94388
74416
90388
12432
23069
29320
41244
9600
48553
74378
76025
98747
44277
20696
4477
10552
37079
30577
95145
29460
55659
77198
53102
58905
42676
88338
98732
40653
26907
1984
39447
68496
47427
27072
63395
47200
78687
66800
80589
88401
12624
37002
28513
3741
42440
28594
94116
46933
97161
91164
39510
65232
44141
82828
53772
95059
28932
7885
87796
59200
97433
96180
71645
83823
76489
86581
58133
2832
80093
5395
7137
65099
97894
98976
96758
32662
1317
77069
32498
68131
36032
7516
56157
89994
57703
62580
17953
4495
9266
65071
98372
87773
38456
21262
68353
74748
38822
55647
89202
35702
60691
69102
25329
12940
47567
69672
76420
73248
29480
69955
10871
99954
91138
86512
91833
11290
20696
89537
46472
56713
8973
57799
4753
76045
80218
8084
6468
25351
89473
35297
64169
36020
41500
92560
77378
32650
48782
15160
82843
96071
13505
87211
78306
7274
40161
13083
65252
79039
98842
55233
90382
65184
43940
70938
89284
39412
58219
38442
92646
79010
49763
55433
211
41421
90602
85269
94021
69862
47006
24097
30039
10436
77043
76013
17241
68229
14533
3437
72880
41177
63617
69731
45213
54885
1217
72035
29225
60253
20802
93343
75221
2855
19525
74858
51541
82678
20155
76247
31501
8689
22634
31541
8413
75091
69966
71798
66739
53954
71752
57998
4660
35248
11845
39456
13417
72308
56849
55187
8141
26849
51091
53954
38571
90943
99161
72123
45660
83100
8562
95897
75654
9989
54125
42707
19071
83308
31588
47445
71358
62743
2428
43685
25765
70725
34497
15760
78711
72982
21295
41841
98815
80326
42520
80117
17328
50159
36092
43807
72012
2910
42931
37024
46889
80374
43485
70497
10083
388
79526
73334
91689
23399
99470
93299
38310
28521
91030
33456
99452
91673
10214
78051
27334
39639
15267
67130
91379
51245
93312
33919
16677
63939
92526
48210
97122
22368
78707
42207
81431
35231
91386
74495
45834
53215
31624
89324
90721
98822
26098
28131
52714
8266
35385
14677
61317
86384
17137
58891
48303
32944
28124
5555
74564
84288
51909
32219
83538
57634
45722
81635
63123
86662
13162
89204
85080
42078
94050
10052
86088
69360
71265
96650
2047
91601
2872
33501
83524
75483
20565
38268
34095
86246
16775
47747
62539
61738
92882
79685
17009
20010